# logA ns thetastar ombh2 omch2 tau A_planck amp_143 amp_217 amp_143x217 n_143 n_217 n_143x217 calTE calEE
1.882727108839936955e-04 1.600818903256214900e-05 3.771918867628169681e-09 4.673631477370048544e-07 -4.604020332560341884e-06 8.839622332984186878e-05 9.635762685612615929e-06 -6.148953224439781401e-03 -5.814873814051050444e-03 -6.052890041086470170e-03 2.437352244021697757e-04 8.874025181126005916e-04 1.240630303076691509e-03 -4.306636582787092996e-06 -5.822384944000100330e-07
1.600818903256214900e-05 1.595547474046829341e-05 2.158351429752378994e-09 1.935904272644953176e-07 -2.588553239551862689e-06 1.042944974602026301e-05 6.194554850634770159e-07 -5.314839113384116354e-03 -5.096864314317531633e-03 -5.198194940579871533e-03 1.976000233030003497e-04 7.827692774041529250e-04 1.085107957154147042e-03 7.150772792967020865e-07 -7.398257224222257220e-07
3.771918867628169681e-09 2.158351429752378994e-09 5.043258184302924540e-12 6.575390510024001291e-11 -6.376186220858786767e-10 2.085755074955797250e-09 3.227898169582208863e-10 -1.190239257241652201e-07 -1.053998441244716975e-07 -1.284090277950306174e-07 6.131065966537356239e-09 1.630608011066397072e-08 3.033313444010436393e-08 -2.769553486835165257e-10 3.577914668185041270e-10
4.673631477370048544e-07 1.935904272644953176e-07 6.575390510024001291e-11 1.633909778672235787e-08 -6.330241927755331221e-08 2.455955499087964485e-07 2.884938881123303064e-08 -9.226717318344165701e-05 -8.795284281977362197e-05 -9.000697604463261394e-05 1.433955436509906924e-06 1.084370252460779896e-05 1.497123187883334715e-05 -5.204444150930260500e-08 -1.460410781774198080e-07
-4.604020332560341884e-06 -2.588553239551862689e-06 -6.376186220858786767e-10 -6.330241927755331221e-08 1.086088575784460955e-06 -3.160632432589914595e-06 -3.103457843369399415e-07 4.318820372767999969e-04 4.199062009381479576e-04 4.314654964183620546e-04 -1.517967363681585894e-05 -6.190584183967794835e-05 -8.117901733892271348e-05 -1.296591561891916048e-07 -4.781913271754159890e-07
8.839622332984186878e-05 1.042944974602026301e-05 2.085755074955797250e-09 2.455955499087964485e-07 -3.160632432589914595e-06 4.915557502533769539e-05 -1.067402426858409078e-06 -2.466374193016720139e-03 -2.274671391470318646e-03 -2.332461487454585460e-03 4.569462673088303157e-05 2.842630647885408912e-04 4.039470236087010810e-04 -2.173057918181633956e-06 -9.607188663803773026e-07
9.635762685612615929e-06 6.194554850634770159e-07 3.227898169582208863e-10 2.884938881123303064e-08 -3.103457843369399415e-07 -1.067402426858409078e-06 6.194646671617839755e-06 6.145698735395218085e-05 3.702609651428652682e-05 -2.195775380749210063e-05 4.074878818998922443e-07 1.457236061596750939e-05 1.549530034171065553e-06 -1.384798388846534933e-07 -1.712026426469310612e-08
-6.148953224439781401e-03 -5.314839113384117221e-03 -1.190239257241652201e-07 -9.226717318344165701e-05 4.318820372767999969e-04 -2.466374193016720139e-03 6.145698735395216730e-05 4.649761142997789420e+00 4.103771585560975765e+00 4.304405093711494601e+00 -2.117039156100823105e-01 -7.276177105558119251e-01 -1.024815350716347773e+00 -8.581829026011741175e-04 -6.092236870665303965e-04
-5.814873814051049576e-03 -5.096864314317530766e-03 -1.053998441244716975e-07 -8.795284281977362197e-05 4.199062009381479576e-04 -2.274671391470318646e-03 3.702609651428653359e-05 4.103771585560975765e+00 4.223804418830085616e+00 4.153603767584333362e+00 -2.463175593471299274e-01 -7.354583680585191630e-01 -1.030437213608629055e+00 -8.330431217304912466e-04 -6.142252725425751325e-04
-6.052890041086470170e-03 -5.198194940579871533e-03 -1.284090277950306174e-07 -9.000697604463261394e-05 4.314654964183620546e-04 -2.332461487454585026e-03 -2.195775380749209724e-05 4.304405093711494601e+00 4.153603767584333362e+00 4.278769456831996720e+00 -2.437785811389254487e-01 -7.365292211083485086e-01 -1.027564647443242496e+00 -8.420383995059786773e-04 -6.173882531158763134e-04
2.437352244021698299e-04 1.976000233030003497e-04 6.131065966537356239e-09 1.433955436509906924e-06 -1.517967363681585894e-05 4.569462673088304513e-05 4.074878818998922443e-07 -2.117039156100823105e-01 -2.463175593471299274e-01 -2.437785811389254487e-01 3.645777695479547609e-02 4.824794068824494325e-02 8.010910962875461561e-02 1.081684498984984184e-04 1.303954296181270716e-04
8.874025181126007000e-04 7.827692774041529250e-04 1.630608011066397072e-08 1.084370252460779896e-05 -6.190584183967794835e-05 2.842630647885408912e-04 1.457236061596751278e-05 -7.276177105558120362e-01 -7.354583680585191630e-01 -7.365292211083483975e-01 4.824794068824494325e-02 1.613527570437887915e-01 2.119048049555953550e-01 1.861858298044285196e-04 1.982725954514874490e-04
1.240630303076691292e-03 1.085107957154147259e-03 3.033313444010435732e-08 1.497123187883334885e-05 -8.117901733892272703e-05 4.039470236087011352e-04 1.549530034171063859e-06 -1.024815350716347773e+00 -1.030437213608629055e+00 -1.027564647443242496e+00 8.010910962875461561e-02 2.119048049555953550e-01 3.186022646946286563e-01 2.838880301552017303e-04 2.872185569483471420e-04
-4.306636582787092996e-06 7.150772792967020865e-07 -2.769553486835165257e-10 -5.204444150930260500e-08 -1.296591561891916048e-07 -2.173057918181633956e-06 -1.384798388846534933e-07 -8.581829026011741175e-04 -8.330431217304912466e-04 -8.420383995059786773e-04 1.081684498984984184e-04 1.861858298044285196e-04 2.838880301552017303e-04 1.329306769333790204e-05 4.569164071565337765e-06
-5.822384944000100330e-07 -7.398257224222257220e-07 3.577914668185041270e-10 -1.460410781774198080e-07 -4.781913271754159890e-07 -9.607188663803773026e-07 -1.712026426469310612e-08 -6.092236870665303965e-04 -6.142252725425751325e-04 -6.173882531158763134e-04 1.303954296181270716e-04 1.982725954514874490e-04 2.872185569483471420e-04 4.569164071565337765e-06 1.404980402806362269e-05
