# ombh2 omch2 theta_MC_100 logA ns A_planck amp_143 amp_217 amp_143x217 n_143 n_217 n_143x217 calTE calEE
1.359891832517775357e-08 -1.664268137854633617e-08 4.712655450657510914e-09 1.416831844454081903e-07 6.948893942535048340e-08 1.425717172224782331e-08 -6.266923567010253889e-05 -6.159433920370746053e-05 -6.206744109679793609e-05 -1.681998085916174700e-07 7.702480796263459173e-06 1.154272962182564814e-05 -5.835834592109918864e-08 -1.641426617798079696e-07
-1.664268137854633617e-08 3.563708963683652868e-07 -3.151249280712021302e-09 2.186175807325507181e-07 -7.822963347675278407e-07 -1.436119245424864248e-07 9.807472323157068400e-05 9.432086200475562536e-05 9.338954708882305238e-05 -1.858867751032790885e-06 -1.669860111791926730e-05 -2.731971469949462784e-05 -1.262960352138782836e-07 -2.478104953089116345e-07
4.712655450657510914e-09 -3.151249280712021302e-09 5.358763316306778063e-08 1.021585513120531128e-07 8.500313638273214218e-08 1.316611532941776422e-08 1.640848828351057374e-06 -1.929636038681243546e-07 2.029813587631005695e-07 2.910975445498921919e-07 1.800908566306657410e-07 -7.527254521436669627e-07 -2.776640831898738310e-08 -7.957754297971023848e-09
1.416831844454081903e-07 2.186175807325507181e-07 1.021585513120531128e-07 2.889292930682732605e-05 -6.404133577198106135e-07 1.197044647699316076e-05 -1.845719162868890905e-03 -1.994170565006884999e-03 -2.097245416368731345e-03 1.096283200093434748e-04 4.070227333858763273e-04 6.481755864727395877e-04 -8.258780587302006645e-07 4.377910042937285735e-07
6.948893942535048340e-08 -7.822963347675278407e-07 8.500313638273214218e-08 -6.404133577198106135e-07 1.004349835728819145e-05 5.416269776029276398e-07 -3.539593251817363569e-03 -3.359745629589991605e-03 -3.449140218454326522e-03 7.167892982061826047e-05 6.240814034223787993e-04 9.349265209942527171e-04 6.577499886921129834e-07 -1.451787032811782386e-06
1.425717172224782331e-08 -1.436119245424864248e-07 1.316611532941776422e-08 1.197044647699316076e-05 5.416269776029276398e-07 6.086229272723965569e-06 1.560520198031548598e-05 -6.179060585597071485e-05 -9.562926292080646637e-05 -2.787128951062087148e-06 1.610399061798584942e-05 4.098365503400067724e-05 -3.262169403697295997e-07 -3.738457938452114970e-08
-6.266923567010253889e-05 9.807472323157068400e-05 1.640848828351057374e-06 -1.845719162868890905e-03 -3.539593251817363569e-03 1.560520198031548598e-05 3.526680031256745451e+00 3.006565412349469835e+00 3.213645578332464225e+00 -1.046191006320247585e-01 -6.376338130885536026e-01 -9.631405242076392925e-01 -5.710456842028116542e-04 -1.482914658791202687e-04
-6.159433920370746053e-05 9.432086200475562536e-05 -1.929636038681237988e-07 -1.994170565006884999e-03 -3.359745629589991605e-03 -6.179060585597071485e-05 3.006565412349469835e+00 3.158140428796820665e+00 3.096495593609729369e+00 -1.398639393827910415e-01 -6.558891288786924401e-01 -9.686458449819268512e-01 -5.689108758256466525e-04 -1.774055402682802273e-04
-6.206744109679793609e-05 9.338954708882305238e-05 2.029813587631012313e-07 -2.097245416368731345e-03 -3.449140218454326522e-03 -9.562926292080646637e-05 3.213645578332464225e+00 3.096495593609729369e+00 3.229711317650189262e+00 -1.412237240323837850e-01 -6.569327669696526373e-01 -9.766073305201036225e-01 -5.896371525025428809e-04 -1.952369318327234495e-04
-1.681998085916174965e-07 -1.858867751032790885e-06 2.910975445498921919e-07 1.096283200093434748e-04 7.167892982061826047e-05 -2.787128951062087571e-06 -1.046191006320247585e-01 -1.398639393827910138e-01 -1.412237240323837850e-01 3.179273845340283011e-02 3.179052125095820081e-02 6.335199428774100638e-02 7.216473077741088356e-05 1.004511588595349061e-04
7.702480796263460867e-06 -1.669860111791926391e-05 1.800908566306659792e-07 4.070227333858763273e-04 6.240814034223787993e-04 1.610399061798585281e-05 -6.376338130885536026e-01 -6.558891288786924401e-01 -6.569327669696526373e-01 3.179052125095820081e-02 1.743179726725632983e-01 2.366813084277236134e-01 1.592579375999379797e-04 1.453084253288966130e-04
1.154272962182564814e-05 -2.731971469949462784e-05 -7.527254521436677039e-07 6.481755864727395877e-04 9.349265209942527171e-04 4.098365503400067724e-05 -9.631405242076390705e-01 -9.686458449819268512e-01 -9.766073305201037336e-01 6.335199428774100638e-02 2.366813084277236134e-01 3.842454257847274235e-01 2.407375973035948049e-04 2.266223119563365491e-04
-5.835834592109918864e-08 -1.262960352138782836e-07 -2.776640831898738310e-08 -8.258780587302006645e-07 6.577499886921129834e-07 -3.262169403697295997e-07 -5.710456842028117626e-04 -5.689108758256465441e-04 -5.896371525025427725e-04 7.216473077741088356e-05 1.592579375999380068e-04 2.407375973035948049e-04 1.329657032457638328e-05 4.631377097236922383e-06
-1.641426617798079696e-07 -2.478104953089116345e-07 -7.957754297971023848e-09 4.377910042937285735e-07 -1.451787032811782386e-06 -3.738457938452114970e-08 -1.482914658791202958e-04 -1.774055402682802002e-04 -1.952369318327234495e-04 1.004511588595349061e-04 1.453084253288966130e-04 2.266223119563365491e-04 4.631377097236922383e-06 1.382202557959524278e-05
